1.000000000000000056e-01,2.000000000000000111e-01,2.999999999999999889e-01,-4.000000000000000222e-01,5.000000000000000000e-01,5.999999999999999778e-01,6.999999999999999556e-01
-4.046609821568225573e-02,5.953390178431774982e-02,3.376245517362679860e-01,-5.160951445676409399e-01,4.061335264336864426e-01,4.485799212322924001e-01,6.669122810749464891e-01
5.898921375853141691e-03,1.058989213758531472e-01,3.297666965881357326e-01,-4.966869677076935496e-01,4.388613006254525328e-01,4.852431453596767752e-01,6.930004875691059274e-01
-9.394308396352801793e-03,9.060569160364720376e-02,3.366047549251633964e-01,-5.214546138470176340e-01,4.274291807285200973e-01,4.643344929059649573e-01,6.916077018041840718e-01
1.230026206820268239e-02,1.123002620682026914e-01,3.382559303640699788e-01,-5.321466191264789813e-01,4.421341517942864452e-01,4.719483140387820130e-01,7.106533752907645551e-01
2.046813659269047098e-03,1.020468136592690561e-01,3.439232243908899589e-01,-5.531805302461008100e-01,4.342512620489016872e-01,4.548740603469231258e-01,7.113695470934520149e-01
2.424864198385328490e-02,1.242486419838532974e-01,3.472690764492287196e-01,-5.664550981753846415e-01,4.497802114908434623e-01,4.592894446399351516e-01,7.323508270334014858e-01
1.365904550954507961e-02,1.136590455095450869e-01,3.526156847359510071e-01,-5.863473094667772667e-01,4.416415944767594914e-01,4.414709353233782219e-01,7.324924054854033972e-01
3.579160561556406911e-02,1.357916056155640816e-01,3.571677076347337110e-01,-5.997916582517475170e-01,4.576759057574634193e-01,4.432258230818289513e-01,7.541484211523969972e-01
2.536864039311981234e-02,1.253686403931198179e-01,3.620985344771565639e-01,-6.184145241387666303e-01,4.496181406024765681e-01,4.250969043697482852e-01,7.539547862042987880e-01
4.759722695881687948e-02,1.475972269588168850e-01,3.679422985164321203e-01,-6.322414979403576663e-01,4.662247632622957272e-01,4.239520564052506879e-01,7.764465390066190853e-01
3.724480494346255055e-02,1.372448049434625561e-01,3.724204888761077914e-01,-6.496810241812845943e-01,4.581551324689572824e-01,4.054718315793810479e-01,7.758258596561515841e-01
5.963910350938209093e-02,1.596391035093820965e-01,3.795955395694529111e-01,-6.638734646775992232e-01,4.753379360803549059e-01,4.012108191314923133e-01,7.991579138831711449e-01
4.933127066843201458e-02,1.493312706684320201e-01,3.835720486919990124e-01,-6.801777939743888224e-01,4.672178507486981491e-01,3.823903080535312471e-01,7.980537249834153135e-01
7.193462566559415128e-02,1.719346256655941430e-01,3.921125594228695999e-01,-6.946957781957163736e-01,4.849531517126700053e-01,3.747645244489329341e-01,8.221922252616733484e-01
6.166702047783410162e-02,1.616670204778341002e-01,3.955332751239384326e-01,-7.098970724238724550e-01,4.767643784036822985e-01,3.556278982832024593e-01,8.205586538242802819e-01
8.448032672572157453e-02,1.844803267257215662e-01,4.054435489785432889e-01,-7.246404062257634227e-01,4.949845127720133853e-01,3.444059321389841832e-01,8.453983694452343878e-01
7.427605859967909008e-02,1.742760585996790956e-01,4.082537379843137471e-01,-7.387558694008617977e-01,4.867358279117806608e-01,3.249946356775519352e-01,8.432066995407354604e-01
9.725089140737350202e-02,1.972508914073735076e-01,4.194851006513123370e-01,-7.535474475773911163e-01,5.053204528089815240e-01,3.100280789174397200e-01,8.685543726054367752e-01
8.715823533265293355e-02,1.871582353326529391e-01,4.216358709480402811e-01,-7.665854111662446790e-01,4.970479048923439058e-01,2.903987671882174992e-01,8.657965628593576879e-01
1.101964620317231608e-01,2.101964620317231802e-01,4.340652949010062600e-01,-7.811629259974659512e-01,5.158242718993893972e-01,2.717102192754438650e-01,8.913676564657120327e-01
1.002801274642979301e-01,2.002801274642979634e-01,4.355205642763919083e-01,-7.931325090092482544e-01,5.075856481891941607e-01,2.519279800781562551e-01,8.880570655975548178e-01
1.232456253740043250e-01,2.232456253740043584e-01,4.489434668327567102e-01,-8.071632823676258006e-01,5.263445557713322120e-01,2.297962456274480481e-01,9.135000628774139209e-01
1.135705733092149533e-01,2.135705733092149727e-01,4.496846171175623574e-01,-8.180859677710008437e-01,5.182065122302246252e-01,2.099227268545143799e-01,9.096668405162781079e-01
1.363110616858298485e-01,2.363110616858298818e-01,4.638325136111002833e-01,-8.312123049491437765e-01,5.367322700104258937e-01,1.849227412899663858e-01,9.346170666179569597e-01
1.269246809361382899e-01,2.269246809361383233e-01,4.638582611699523239e-01,-8.411304505027659140e-01,5.287545310885055638e-01,1.650041678111832666e-01,9.302993162809386485e-01
1.492923245518765207e-01,2.492923245518765540e-01,4.784391201415530426e-01,-8.530357066495044549e-01,5.468555758192529259e-01,1.379660394263307333e-01,9.544430402322160445e-01
1.402159321749497090e-01,2.402159321749497423e-01,4.777618190233974826e-01,-8.620128324382618779e-01,5.390816494771666356e-01,1.180293034413960329e-01,9.496798151213317052e-01
1.620759727402324712e-01,2.620759727402324768e-01,4.925051508198171613e-01,-8.724812789610728592e-01,5.566066951243492378e-01,8.992159548688312409e-02,9.727982874621653453e-01
1.533115455881573497e-01,2.533115455881573275e-01,4.911482117007269221e-01,-8.805941841812124915e-01,5.490668021179661018e-01,6.998147523862519037e-02,9.676301651614155341e-01
1.745417244305336180e-01,2.745417244305335958e-01,5.058358168161539714e-01,-8.895396293933047760e-01,5.659049613795723577e-01,4.176488894188656875e-02,9.896086388419813584e-01
1.660867578796835220e-01,2.660867578796834998e-01,5.038347087819021741e-01,-8.968682253001726279e-01,5.586257844203651457e-01,2.183564390270336178e-02,9.840838147336888886e-01
1.865791664259965899e-01,2.865791664259965676e-01,5.183119328467457043e-01,-9.043263571452698768e-01,5.747012619547481327e-01,-5.662600177954352915e-03,1.004895272059412203e+00
1.784370964641421309e-01,2.784370964641421087e-01,5.157158584076331209e-01,-9.109468623038917690e-01,5.677122610471544428e-01,-2.556044522086053580e-02,9.990733813802303853e-01
1.981072583480333604e-01,2.981072583480333660e-01,5.298893361641110467e-01,-9.170437655996666049e-01,5.829815822180890450e-01,-5.172401890879535502e-02,1.018754456660131646e+00
1.902881229509457706e-01,2.902881229509457484e-01,5.267595140528622544e-01,-9.230262810729287226e-01,5.763137633318778930e-01,-7.156442628565193309e-02,1.012703616051596978e+00
2.090853512087600119e-01,3.090853512087600174e-01,5.405878961872544464e-01,-9.279391565004794229e-01,5.907647141749384767e-01,-9.601027635386730208e-02,1.031332363202511315e+00
2.016001638068454782e-01,3.016001638068454560e-01,5.369918543923780652e-01,-9.333476195179144508e-01,5.844451179881070546e-01,-1.157665807884996345e-01,1.025121402431858009e+00
2.195114135390804633e-01,3.195114135390804688e-01,5.504731392552045799e-01,-9.372695310630784205e-01,5.980934582232817487e-01,-1.383201336182609542e-01,1.042798885816530907e+00
2.123661052074717059e-01,3.123661052074717115e-01,5.464776052298904174e-01,-9.421621161893779517e-01,5.921402905185049192e-01,-1.579696116289111829e-01,1.036489455139351978e+00
2.294113309153782421e-01,3.294113309153782199e-01,5.596357376350864499e-01,-9.452771114440805533e-01,6.050230363308533033e-01,-1.786125783764980768e-01,1.053325185355558302e+00
2.226036541671245761e-01,3.226036541671245539e-01,5.553010248672426430e-01,-9.497063581403579757e-01,5.994439142494543127e-01,-1.981384295277071050e-01,1.046966984937352407e+00
2.388260892551074266e-01,3.388260892551073766e-01,5.681741571269864899e-01,-9.521760917053033735e-01,6.116110401538951136e-01,-2.169517096877501550e-01,1.063068455191523043e+00
2.323457036218018190e-01,3.323457036218017691e-01,5.635513162387038033e-01,-9.561888694239967235e-01,6.064040720751714408e-01,-2.363425847419310388e-01,1.056698112832395342e+00
2.478015319146219808e-01,3.478015319146219309e-01,5.761830986017637546e-01,-9.581482388675089945e-01,6.179110083675594112e-01,-2.534591344438743565e-01,1.072164391305153508e+00
2.416319087752259731e-01,3.416319087752259231e-01,5.713134890209377037e-01,-9.617858320400496375e-01,6.130672540262529502e-01,-2.727074380263275200e-01,1.065806810883702660e+00
2.563820090992527945e-01,3.563820090992527168e-01,5.837474890063855115e-01,-9.633440081853041903e-01,6.239694338016559261e-01,-2.882798379840239567e-01,1.080725472328440073e+00
2.505027882195318134e-01,3.505027882195317357e-01,5.786637837744083024e-01,-9.666424445040588953e-01,6.194754897623083734e-01,-3.073799161427914761e-01,1.074396214079055945e+00
2.646072446773093945e-01,3.646072446773093167e-01,5.909403855893414770e-01,-9.678863201030539765e-01,6.298250399603867455e-01,-3.215609719778038667e-01,1.088842557856354976e+00
2.589962773190027101e-01,3.589962773190026324e-01,5.856681313744505069e-01,-9.708769019541315659e-01,6.256651273526149248e-01,-3.405077501061765100e-01,1.082550282983726131e+00
2.725112620843527789e-01,3.725112620843527012e-01,5.978231054178980708e-01,-9.718751378279060216e-01,6.355092307587564271e-01,-3.534403641050433698e-01,1.096587874687298125e+00
2.671460999752583443e-01,3.671460999752582666e-01,5.923823069623138649e-01,-9.745850737871795122e-01,6.316666469837002307e-01,-3.722285587717774069e-01,1.090336414720050717e+00
2.801224293647437968e-01,3.801224293647437191e-01,6.044463823068392250e-01,-9.753918608321201500e-01,6.410470059840531754e-01,-3.840413841107898629e-01,1.104018263818250079e+00
2.749812921601894611e-01,3.749812921601893834e-01,5.988528730639468556e-01,-9.778449034225423775e-01,6.375050313945710423e-01,-4.026651940105396288e-01,1.097808209229368170e+00
2.874640264515200272e-01,3.874640264515199495e-01,6.108518564619241920e-01,-9.785031241486612519e-01,6.464579729249230189e-01,-4.134715634671285445e-01,1.111178163634877869e+00
2.825263702172442493e-01,3.825263702172441715e-01,6.051183901367156448e-01,-9.807201538552328124e-01,6.432003836936622809e-01,-4.319246837538019412e-01,1.105008018315433604e+00
2.945550010876776814e-01,3.945550010876776037e-01,6.170735507024380784e-01,-9.812639059547731968e-01,6.517572917616631933e-01,-4.418232273898769491e-01,1.118102150119357319e+00
2.898018122847209055e-01,3.898018122847208278e-01,6.112106295602570682e-01,-9.832634332595172610e-01,6.487686155679323052e-01,-4.600990448245835807e-01,1.111969143982820762e+00
3.014107426853185889e-01,4.014107426853185112e-01,6.231391883246328867e-01,-9.837199900034432343e-01,6.569564988374626546e-01,-4.691750716250369102e-01,1.124817019906789506e+00
2.968246552936827376e-01,3.968246552936826599e-01,6.171556730201210872e-01,-9.855185689723606757e-01,6.542221147410781645e-01,-4.872669343022565935e-01,1.118717670168984712e+00
3.080437945865853733e-01,4.080437945865852956e-01,6.290713108057163216e-01,-9.859098815328309895e-01,6.620642002329806264e-01,-4.955940707541117152e-01,1.131343466975790690e+00
3.036090986386077994e-01,4.036090986386077217e-01,6.229748605487890334e-01,-9.875224407875863308e-01,6.595703506213889122e-01,-5.134955628152381157e-01,1.125273961363761677e+00
3.144644734228948524e-01,4.144644734228947747e-01,6.348882008946720168e-01,-9.878662831488136398e-01,6.670866470679329696e-01,-5.211373879718420588e-01,1.137697420783176927e+00
3.101670597923859574e-01,4.101670597923858796e-01,6.286855870198274632e-01,-9.893063856845114579e-01,6.648204041821708099e-01,-5.388425690808428259e-01,1.131653876952676052e+00
