1.000000000000000056e-01,2.000000000000000111e-01,2.999999999999999889e-01,-4.000000000000000222e-01,5.000000000000000000e-01,5.999999999999999778e-01,6.999999999999999556e-01
-4.046609821568225573e-02,5.953390178431774982e-02,3.376245517362679860e-01,-5.160951445676409399e-01,4.061335264336864426e-01,4.485799212322924001e-01,6.669122810749464891e-01
5.898921375853141691e-03,1.058989213758531472e-01,3.297666965881357326e-01,-4.966869677076935496e-01,4.388613006254525328e-01,4.852431453596767752e-01,6.930004875691059274e-01
-9.394308396352801793e-03,9.060569160364720376e-02,3.366047549251633964e-01,-5.214546138470176340e-01,4.274291807285200973e-01,4.643344929059649573e-01,6.916077018041840718e-01
1.230026206820268239e-02,1.123002620682026914e-01,3.382559303640699788e-01,-5.321466191264789813e-01,4.421341517942864452e-01,4.719483140387820130e-01,7.106533752907645551e-01
2.046813659269047098e-03,1.020468136592690561e-01,3.439232243908899589e-01,-5.531805302461008100e-01,4.342512620489016872e-01,4.548740603469231258e-01,7.113695470934520149e-01
2.424864198385328490e-02,1.242486419838532974e-01,3.472690764492287196e-01,-5.664550981753846415e-01,4.497802114908434623e-01,4.592894446399351516e-01,7.323508270334014858e-01
1.365904550954507961e-02,1.136590455095450869e-01,3.526156847359510071e-01,-5.863473094667772667e-01,4.416415944767594914e-01,4.414709353233782219e-01,7.324924054854033972e-01
3.579160561556406911e-02,1.357916056155640816e-01,3.571677076347337110e-01,-5.997916582517475170e-01,4.576759057574634193e-01,4.432258230818289513e-01,7.541484211523969972e-01
2.536864039311981234e-02,1.253686403931198179e-01,3.620985344771565639e-01,-6.184145241387666303e-01,4.496181406024765681e-01,4.250969043697482852e-01,7.539547862042987880e-01
4.759722695881687948e-02,1.475972269588168850e-01,3.679422985164321203e-01,-6.322414979403576663e-01,4.662247632622957272e-01,4.239520564052506879e-01,7.764465390066190853e-01
3.724480494346255055e-02,1.372448049434625561e-01,3.724204888761077914e-01,-6.496810241812845943e-01,4.581551324689572824e-01,4.054718315793810479e-01,7.758258596561515841e-01
5.963910350938209093e-02,1.596391035093820965e-01,3.795955395694529111e-01,-6.638734646775992232e-01,4.753379360803549059e-01,4.012108191314923133e-01,7.991579138831711449e-01
4.933127066843201458e-02,1.493312706684320201e-01,3.835720486919990124e-01,-6.801777939743888224e-01,4.672178507486981491e-01,3.823903080535312471e-01,7.980537249834153135e-01
7.193462566559415128e-02,1.719346256655941430e-01,3.921125594228695999e-01,-6.946957781957163736e-01,4.849531517126700053e-01,3.747645244489329341e-01,8.221922252616733484e-01
6.166702047783410162e-02,1.616670204778341002e-01,3.955332751239384326e-01,-7.098970724238724550e-01,4.767643784036822985e-01,3.556278982832024593e-01,8.205586538242802819e-01
8.448032672572157453e-02,1.844803267257215662e-01,4.054435489785432889e-01,-7.246404062257634227e-01,4.949845127720133853e-01,3.444059321389841832e-01,8.453983694452343878e-01
7.427605859967909008e-02,1.742760585996790956e-01,4.082537379843137471e-01,-7.387558694008617977e-01,4.867358279117806608e-01,3.249946356775519352e-01,8.432066995407354604e-01
9.725089140737350202e-02,1.972508914073735076e-01,4.194851006513123370e-01,-7.535474475773911163e-01,5.053204528089815240e-01,3.100280789174397200e-01,8.685543726054367752e-01
8.715823533265293355e-02,1.871582353326529391e-01,4.216358709480402811e-01,-7.665854111662446790e-01,4.970479048923439058e-01,2.903987671882174992e-01,8.657965628593576879e-01
1.101964620317231608e-01,2.101964620317231802e-01,4.340652949010062600e-01,-7.811629259974659512e-01,5.158242718993893972e-01,2.717102192754438650e-01,8.913676564657120327e-01
1.002801274642979301e-01,2.002801274642979634e-01,4.355205642763919083e-01,-7.931325090092482544e-01,5.075856481891941607e-01,2.519279800781562551e-01,8.880570655975548178e-01
1.232456253740043250e-01,2.232456253740043584e-01,4.489434668327567102e-01,-8.071632823676258006e-01,5.263445557713322120e-01,2.297962456274480481e-01,9.135000628774139209e-01
1.135705733092149533e-01,2.135705733092149727e-01,4.496846171175623574e-01,-8.180859677710008437e-01,5.182065122302246252e-01,2.099227268545143799e-01,9.096668405162781079e-01
1.363110616858298485e-01,2.363110616858298818e-01,4.638325136111002833e-01,-8.312123049491437765e-01,5.367322700104258937e-01,1.849227412899663858e-01,9.346170666179569597e-01
1.269246809361382899e-01,2.269246809361383233e-01,4.638582611699523239e-01,-8.411304505027659140e-01,5.287545310885055638e-01,1.650041678111832666e-01,9.302993162809386485e-01
1.492923245518765207e-01,2.492923245518765540e-01,4.784391201415530426e-01,-8.530357066495044549e-01,5.468555758192529259e-01,1.379660394263307333e-01,9.544430402322160445e-01
1.402159321749497090e-01,2.402159321749497423e-01,4.777618190233974826e-01,-8.620128324382618779e-01,5.390816494771666356e-01,1.180293034413960329e-01,9.496798151213317052e-01
1.620759727402324712e-01,2.620759727402324768e-01,4.925051508198171613e-01,-8.724812789610728592e-01,5.566066951243492378e-01,8.992159548688312409e-02,9.727982874621653453e-01
1.533115455881573497e-01,2.533115455881573275e-01,4.911482117007269221e-01,-8.805941841812124915e-01,5.490668021179661018e-01,6.998147523862519037e-02,9.676301651614155341e-01
1.745417244305336180e-01,2.745417244305335958e-01,5.058358168161539714e-01,-8.895396293933047760e-01,5.659049613795723577e-01,4.176488894188656875e-02,9.896086388419813584e-01
1.660867578796835220e-01,2.660867578796834998e-01,5.038347087819021741e-01,-8.968682253001726279e-01,5.586257844203651457e-01,2.183564390270336178e-02,9.840838147336888886e-01
1.865791664259965899e-01,2.865791664259965676e-01,5.183119328467457043e-01,-9.043263571452698768e-01,5.747012619547481327e-01,-5.662600177954352915e-03,1.004895272059412203e+00
1.784370964641421309e-01,2.784370964641421087e-01,5.157158584076331209e-01,-9.109468623038917690e-01,5.677122610471544428e-01,-2.556044522086053580e-02,9.990733813802303853e-01
1.981072583480333604e-01,2.981072583480333660e-01,5.298893361641110467e-01,-9.170437655996666049e-01,5.829815822180890450e-01,-5.172401890879535502e-02,1.018754456660131646e+00
1.902881229509457706e-01,2.902881229509457484e-01,5.267595140528622544e-01,-9.230262810729287226e-01,5.763137633318778930e-01,-7.156442628565193309e-02,1.012703616051596978e+00
2.090853512087600119e-01,3.090853512087600174e-01,5.405878961872544464e-01,-9.279391565004794229e-01,5.907647141749384767e-01,-9.601027635386730208e-02,1.031332363202511315e+00
2.016001638068454782e-01,3.016001638068454560e-01,5.369918543923780652e-01,-9.333476195179144508e-01,5.844451179881070546e-01,-1.157665807884996345e-01,1.025121402431858009e+00
2.195114135390804633e-01,3.195114135390804688e-01,5.504731392552045799e-01,-9.372695310630784205e-01,5.980934582232817487e-01,-1.383201336182609542e-01,1.042798885816530907e+00
2.123661052074717059e-01,3.123661052074717115e-01,5.464776052298904174e-01,-9.421621161893779517e-01,5.921402905185049192e-01,-1.579696116289111829e-01,1.036489455139351978e+00
2.294113309153782421e-01,3.294113309153782199e-01,5.596357376350864499e-01,-9.452771114440805533e-01,6.050230363308533033e-01,-1.786125783764980768e-01,1.053325185355558302e+00
2.226036541671245761e-01,3.226036541671245539e-01,5.553010248672426430e-01,-9.497063581403579757e-01,5.994439142494543127e-01,-1.981384295277071050e-01,1.046966984937352407e+00
2.388260892551074266e-01,3.388260892551073766e-01,5.681741571269864899e-01,-9.521760917053033735e-01,6.116110401538951136e-01,-2.169517096877501550e-01,1.063068455191523043e+00
2.323457036218018190e-01,3.323457036218017691e-01,5.635513162387038033e-01,-9.561888694239967235e-01,6.064040720751714408e-01,-2.363425847419310388e-01,1.056698112832395342e+00
2.478015319146219808e-01,3.478015319146219309e-01,5.761830986017637546e-01,-9.581482388675089945e-01,6.179110083675594112e-01,-2.534591344438743565e-01,1.072164391305153508e+00
2.416319087752259731e-01,3.416319087752259231e-01,5.713134890209377037e-01,-9.617858320400496375e-01,6.130672540262529502e-01,-2.727074380263275200e-01,1.065806810883702660e+00
2.563820090992527945e-01,3.563820090992527168e-01,5.837474890063855115e-01,-9.633440081853041903e-01,6.239694338016559261e-01,-2.882798379840239567e-01,1.080725472328440073e+00
2.505027882195318134e-01,3.505027882195317357e-01,5.786637837744083024e-01,-9.666424445040588953e-01,6.194754897623083734e-01,-3.073799161427914761e-01,1.074396214079055945e+00
2.646072446773093945e-01,3.646072446773093167e-01,5.909403855893414770e-01,-9.678863201030539765e-01,6.298250399603867455e-01,-3.215609719778038667e-01,1.088842557856354976e+00
2.589962773190027101e-01,3.589962773190026324e-01,5.856681313744505069e-01,-9.708769019541315659e-01,6.256651273526149248e-01,-3.405077501061765100e-01,1.082550282983726131e+00
2.725112620843527789e-01,3.725112620843527012e-01,5.978231054178980708e-01,-9.718751378279060216e-01,6.355092307587564271e-01,-3.534403641050433698e-01,1.096587874687298125e+00
2.671460999752583443e-01,3.671460999752582666e-01,5.923823069623138649e-01,-9.745850737871795122e-01,6.316666469837002307e-01,-3.722285587717774069e-01,1.090336414720050717e+00
2.801224293647437968e-01,3.801224293647437191e-01,6.044463823068392250e-01,-9.753918608321201500e-01,6.410470059840531754e-01,-3.840413841107898629e-01,1.104018263818250079e+00
2.749812921601894611e-01,3.749812921601893834e-01,5.988528730639468556e-01,-9.778449034225423775e-01,6.375050313945710423e-01,-4.026651940105396288e-01,1.097808209229368170e+00
2.874640264515200272e-01,3.874640264515199495e-01,6.108518564619241920e-01,-9.785031241486612519e-01,6.464579729249230189e-01,-4.134715634671285445e-01,1.111178163634877869e+00
2.825263702172442493e-01,3.825263702172441715e-01,6.051183901367156448e-01,-9.807201538552328124e-01,6.432003836936622809e-01,-4.319246837538019412e-01,1.105008018315433604e+00
2.945550010876776814e-01,3.945550010876776037e-01,6.170735507024380784e-01,-9.812639059547731968e-01,6.517572917616631933e-01,-4.418232273898769491e-01,1.118102150119357319e+00
2.898018122847209055e-01,3.898018122847208278e-01,6.112106295602570682e-01,-9.832634332595172610e-01,6.487686155679323052e-01,-4.600990448245835807e-01,1.111969143982820762e+00
3.014107426853185889e-01,4.014107426853185112e-01,6.231391883246328867e-01,-9.837199900034432343e-01,6.569564988374626546e-01,-4.691750716250369102e-01,1.124817019906789506e+00
2.968246552936827376e-01,3.968246552936826599e-01,6.171556730201210872e-01,-9.855185689723606757e-01,6.542221147410781645e-01,-4.872669343022565935e-01,1.118717670168984712e+00
3.080437945865853733e-01,4.080437945865852956e-01,6.290713108057163216e-01,-9.859098815328309895e-01,6.620642002329806264e-01,-4.955940707541117152e-01,1.131343466975790690e+00
3.036090986386077994e-01,4.036090986386077217e-01,6.229748605487890334e-01,-9.875224407875863308e-01,6.595703506213889122e-01,-5.134955628152381157e-01,1.125273961363761677e+00
3.144644734228948524e-01,4.144644734228947747e-01,6.348882008946720168e-01,-9.878662831488136398e-01,6.670866470679329696e-01,-5.211373879718420588e-01,1.137697420783176927e+00
3.101670597923859574e-01,4.101670597923858796e-01,6.286855870198274632e-01,-9.893063856845114579e-01,6.648204041821708099e-01,-5.388425690808428259e-01,1.131653876952676052e+00
3.206813887207802805e-01,4.206813887207802027e-01,6.406046350837171222e-01,-9.896172267014983204e-01,6.720282095305556425e-01,-5.458541242387038306e-01,1.143891110692048629e+00
3.165086585566427302e-01,4.165086585566426525e-01,6.343019626459041049e-01,-9.908972715919717178e-01,6.699774217606050408e-01,-5.633577146317509943e-01,1.137869750247292755e+00
3.267018676635457530e-01,4.267018676635456753e-01,6.462324940321163558e-01,-9.911869410161830984e-01,6.768917666167970637e-01,-5.697868404540360476e-01,1.149933911929027275e+00
3.226426240343736596e-01,4.226426240343735818e-01,6.398353578853273049e-01,-9.923183194467537493e-01,6.750449986710610473e-01,-5.870843462870601881e-01,1.143931175519218746e+00
3.325322950354312468e-01,4.325322950354311691e-01,6.517812580209300100e-01,-9.925965190881329558e-01,6.816790265424078621e-01,-5.929728386026071885e-01,1.155833017767762927e+00
3.285766274973205836e-01,4.285766274973205059e-01,6.452948529534613398e-01,-9.935897355465789227e-01,6.800255008240664312e-01,-6.100606207931148495e-01,1.149845639284517329e+00
3.381783800646956939e-01,4.381783800646956162e-01,6.572584107836874079e-01,-9.938644341292318662e-01,6.863907903193512405e-01,-6.154452146808441215e-01,1.161593973291092929e+00
3.343175486122535456e-01,4.343175486122534679e-01,6.506876098559012389e-01,-9.947292016498893164e-01,6.849203328803408208e-01,-6.323205090210998192e-01,1.155619025391119381e+00
3.436453618419667566e-01,4.436453618419666789e-01,6.626697708620201688e-01,-9.950069421950492599e-01,6.910271686682802894e-01,-6.372337084726050760e-01,1.167221098472765783e+00
3.398716840874445033e-01,4.398716840874444256e-01,6.560191819720022632e-01,-9.957522586545854981e-01,6.897301609049423243e-01,-6.538946067293691655e-01,1.161256017745555535e+00
3.489381641198036066e-01,4.489381641198035289e-01,6.680197657355089191e-01,-9.960383998957117457e-01,6.955877604643206924e-01,-6.583653793641009999e-01,1.172717822360059392e+00
3.452449079356597617e-01,4.452449079356596839e-01,6.612937733904528104e-01,-9.966726106777040739e-01,6.944550965707974033e-01,-6.748107813229518026e-01,1.166760419860300990e+00
3.540615090780582230e-01,4.540615090780581453e-01,6.733116606417794969e-01,-9.969715185487544318e-01,7.000717993077776313e-01,-6.788651371466178919e-01,1.178086945553827203e+00
3.504427919389214163e-01,4.504427919389213386e-01,6.665144577051310693e-01,-9.975023694931429707e-01,6.990948489710726577e-01,-6.950946827964046282e-01,1.172135406695086646e+00
3.590199983230990544e-01,4.590199983230989766e-01,6.785477512832746028e-01,-9.978175706738721118e-01,7.044782735360896053e-01,-6.987561543523287400e-01,1.183330844673675220e+00
3.554706939539022392e-01,4.554706939539021615e-01,6.716833638985235666e-01,-9.982522541113735270e-01,7.036488491668501100e-01,-7.147701441212778173e-01,1.177383721336681788e+00
3.638181681114093791e-01,4.638181681114093013e-01,6.837295274635338815e-01,-9.985865606004948880e-01,7.088060239927365114e-01,-7.180601833604854933e-01,1.188451629803638276e+00
3.603338206460450222e-01,4.603338206460449444e-01,6.768018352618485611e-01,-9.989317564152350171e-01,7.081163517739773594e-01,-7.338594928347705881e-01,1.182507826748605329e+00
3.684605246159265435e-01,4.684605246159264658e-01,6.888578130269794597e-01,-9.992873678594041964e-01,7.130538230879135408e-01,-7.367977979983938441e-01,1.193451263831788234e+00
3.650372702101240541e-01,4.650372702101239764e-01,6.818705659795932794e-01,-9.995492808864417933e-01,7.124965171945500941e-01,-7.523837920825342529e-01,1.187510020986304093e+00
3.729515640148016731e-01,4.729515640148015954e-01,6.939328862050826441e-01,-9.999278697179223574e-01,7.172204380764710674e-01,-7.549885760132097889e-01,1.198331650969108431e+00
3.695860596874684378e-01,4.695860596874683601e-01,6.868897189840896811e-01,-1.000112264324230393e+00,7.167884775185021651e-01,-7.703630261493917830e-01,1.192392522803981558e+00
3.772957812833719338e-01,4.772957812833718561e-01,6.989545835175269284e-01,-1.000515047505056820e+00,7.213046810010582677e-01,-7.726512357821625487e-01,1.203094700442648879e+00
3.739851406517474830e-01,4.739851406517474053e-01,6.918590279063524529e-01,-1.000627279883650633e+00,7.209913886448356957e-01,-7.878162426923506212e-01,1.197157533391137729e+00
3.814976708054443888e-01,4.814976708054443111e-01,7.039223896693375115e-01,-1.001055080111542539e+00,7.253054473705746741e-01,-7.898037380241202943e-01,1.207742370320481040e+00
3.782394063120760874e-01,4.782394063120760097e-01,6.967778853617127011e-01,-1.001100128604668349e+00,7.251044707830838210e-01,-8.047616614945064528e-01,1.201807279005496110e+00
3.855617212779041125e-01,4.855617212779040348e-01,7.088355153654557483e-01,-1.001553427127394036e+00,7.292217453409554073e-01,-8.064633610766223093e-01,1.212276695579823649e+00
3.823536924693412553e-01,4.823536924693411776e-01,7.016454193693264507e-01,-1.001535920757776754e+00,7.291270391769871795e-01,-8.212167575634259364e-01,1.206344038466082846e+00
3.894924068490973057e-01,4.894924068490972280e-01,7.136929645854491744e-01,-1.002014903410393565e+00,7.330527169178665536e-01,-8.226467564800428178e-01,1.216699803830413762e+00
3.863327742490280103e-01,4.863327742490279326e-01,7.064605593776069892e-01,-1.001939148717126749e+00,7.330585266293497826e-01,-8.371983247594516619e-01,1.210770158800006602e+00
3.932941759919668101e-01,4.932941759919667324e-01,7.184935925855279182e-01,-1.002443746397680524e+00,7.367976524948279815e-01,-8.383699901209916705e-01,1.221013921520797352e+00
3.901813601094613060e-01,4.901813601094612283e-01,7.112220931242883015e-01,-1.002313752628217092e+00,7.368984991873624990e-01,-8.527225248078581510e-01,1.215088061772436667e+00
3.969714392538534753e-01,4.969714392538533976e-01,7.232361556938649017e-01,-1.002843677129927169e+00,7.404559998652538999e-01,-8.536485729832007374e-01,1.225221372962592703e+00
3.939040842761696304e-01,4.939040842761695527e-01,7.159287153776926482e-01,-1.002663179819011763e+00,7.406466661616484259e-01,-8.678049254747386421e-01,1.219300243551755258e+00
4.005285567338343622e-01,5.005285567338342290e-01,7.279193538164889787e-01,-1.003217955716238174e+00,7.440273686955527488e-01,-8.684974845904318563e-01,1.229324574090105537e+00
3.975054984697189431e-01,4.975054984697188099e-01,7.205790694676184049e-01,-1.002990438677288321e+00,7.443028854924991222e-01,-8.824605308254240832e-01,1.223409269356119156e+00
4.039698259045567119e-01,5.039698259045565232e-01,7.325418664586197393e-01,-1.003569431800034772e+00,7.475115313137267181e-01,-8.829311914611940315e-01,1.233326022517560849e+00
4.009900635657190349e-01,5.009900635657188461e-01,7.251717824071524099e-01,-1.003298147557941000e+00,7.478671653378392570e-01,-8.967038057977437804e-01,1.227417764582555915e+00
4.072994702093116204e-01,5.072994702093114316e-01,7.371023829786432779e-01,-1.003900590470877985e+00,7.509084205504096277e-01,-8.969636622933090386e-01,1.237228285154248208e+00
4.043621416428788140e-01,5.043621416428786253e-01,7.297054943212707423e-01,-1.003588579173092077e+00,7.513396626354338359e-01,-9.105486967780781482e-01,1.231328403626496204e+00
4.105216287184718094e-01,5.105216287184716206e-01,7.415996277208045662e-01,-1.004213593988992681e+00,7.542181252647007783e-01,-9.106083811270329065e-01,1.241033984381681776e+00
4.076259887303329554e-01,5.076259887303327112e-01,7.341788828275273016e-01,-1.003863700841263640e+00,7.547206792840589484e-01,-9.240086494390901128e-01,1.235143897351319575e+00
4.136403470155058937e-01,5.136403470155056494e-01,7.460323806126424317e-01,-1.004510319636788163e+00,7.574408840939607090e-01,-9.238783593728904231e-01,1.244745783580522014e+00
4.107857484523942948e-01,5.107857484523939950e-01,7.385906829538328999e-01,-1.004125210919228683e+00,7.580106564928144053e-01,-9.370966247621482781e-01,1.238866979958253012e+00
4.166595693956990920e-01,5.166595693956987922e-01,7.503994937605235060e-01,-1.004792393976601028e+00,7.605770778838250035e-01,-9.367861473133598516e-01,1.248366372613392894e+00
4.138454466818127231e-01,5.138454466818124233e-01,7.429397031251248062e-01,-1.004374571703960273e+00,7.612101677631293306e-01,-9.498251139066752335e-01,1.242500395831813487e+00
4.195831323954976599e-01,5.195831323954973602e-01,7.546999045291008512e-01,-1.005061223770287393e+00,7.636272211812529243e-01,-9.493438454785613212e-01,1.251898453718523152e+00
4.168089872467752310e-01,5.168089872467749313e-01,7.472248377026220467e-01,-1.004613039066851510e+00,7.643199108932152708e-01,-9.622061523881648704e-01,1.246046886790580288e+00
4.224147596228266521e-01,5.224147596228263524e-01,7.589326455467223509e-01,-1.005318023799903093e+00,7.665919531087402872e-01,-9.615631161408871863e-01,1.255344728144399236e+00
4.196801486882335008e-01,5.196801486882332011e-01,7.514450765150659795e-01,-1.004841689064213117e+00,7.673406993289536571e-01,-9.742513338743510332e-01,1.249509180053494761e+00
4.251580578252974751e-01,5.251580578252972309e-01,7.630968520379778353e-01,-1.005563841816625281e+00,7.694720278812512415e-01,-9.734551950603949066e-01,1.258707883753831469e+00
4.224625820293011480e-01,5.224625820293008482e-01,7.555995117801399541e-01,-1.005061441754212970e+00,7.702734531276956842e-01,-9.859718237950378938e-01,1.252889977134612920e+00
4.278165141109313008e-01,5.278165141109310010e-01,7.671917668463169582e-01,-1.005799580835315732e+00,7.722683051783065800e-01,-9.850309035323895346e-01,1.261990583743812122e+00
4.251598094945643336e-01,5.251598094945639783e-01,7.596873427757460107e-01,-1.005273082439072541e+00,7.731191897515179434e-01,-9.973783728774073820e-01,1.256191943801103994e+00
4.303934942224345028e-01,5.303934942224342031e-01,7.712167434737833283e-01,-1.006026018983422254e+00,7.749817405413689242e-01,-9.963006607333452225e-01,1.265195456562396403e+00
4.277752241018354940e-01,5.277752241018351942e-01,7.637078785847624118e-01,-1.005477280541234864e+00,7.758790148634653328e-01,-1.008481330658581365e+00,1.259417701167444559e+00
4.328922417591296590e-01,5.328922417591294147e-01,7.751712474313577905e-01,-1.006243827104482014e+00,7.776133759305499105e-01,-1.007274496325112123e+00,1.268325087052972089e+00
4.303120900401805615e-01,5.303120900401803173e-01,7.676605392032478381e-01,-1.005674606312613406e+00,7.785541132635442896e-01,-1.019290658985531284e+00,1.262569817950649709e+00
4.353158782387147596e-01,5.353158782387145154e-01,7.790548561621472023e-01,-1.006453584307885674e+00,7.801643305440689735e-01,-1.017962063255394956e+00,1.271382008817386611e+00
4.327735437443589461e-01,5.327735437443587019e-01,7.715448552707543373e-01,-1.005865545566475561e+00,7.811457400700693166e-01,-1.029815945484754414e+00,1.265650803874758035e+00
4.376674038927393373e-01,5.376674038927390376e-01,7.828672577706831115e-01,-1.006655791647582232e+00,7.826357919782158667e-01,-1.028372650680993594e+00,1.274368697760431379e+00
4.351625955758398612e-01,5.351625955758395614e-01,7.753604666524108735e-01,-1.006050512611788239e+00,7.836552122258011455e-01,-1.040066416967048379e+00,1.268663104185642876e+00
4.399496990939980590e-01,5.399496990939977037e-01,7.866082487649046495e-01,-1.006850884103008603e+00,7.850290077842019265e-01,-1.038515196936285800e+00,1.277287566757357995e+00
4.374821320232401001e-01,5.374821320232396893e-01,7.791071200757543336e-01,-1.006229861559887029e+00,7.860839003865232044e-01,-1.050050952723428077e+00,1.271609095217849372e+00
4.421655263200748309e-01,5.421655263200744201e-01,7.902777309929253091e-01,-1.007039241025743159e+00,7.873452774606668481e-01,-1.048398302470626042e+00,1.280140961371869723e+00
4.397349183395460326e-01,5.397349183395455663e-01,7.827846660008213053e-01,-1.006403896163149847e+00,7.884332212317549660e-01,-1.059778097664598739e+00,1.274491080942050880e+00
4.443175325643883289e-01,5.443175325643878626e-01,7.938757079343659040e-01,-1.007221195205326936e+00,7.895859449062395674e-01,-1.058030242682993283e+00,1.282931156543090756e+00
4.419236015391944661e-01,5.419236015391940553e-01,7.863930548797425368e-01,-1.006572878335017629e+00,7.907046302226479195e-01,-1.069256075256711958e+00,1.277311290413620348e+00
4.464082521137787141e-01,5.464082521137783033e-01,7.974022804858001967e-01,-1.007397040697477486e+00,7.917523913449358020e-01,-1.067418980589003308e+00,1.285660354155221174e+00
4.440507136844779601e-01,5.440507136844775493e-01,7.899323329418885820e-01,-1.006737035490347765e+00,7.928996148202934746e-01,-1.078492800209098990e+00,1.280071876038647805e+00
4.484401096195571035e-01,5.484401096195566927e-01,8.008576423615678674e-01,-1.007567039547684340e+00,7.938460287279242023e-01,-1.076572179263380891e+00,1.288330681402032996e+00
4.461186753974595853e-01,5.461186753974591745e-01,7.934026376224037058e-01,-1.006896566834774021e+00,7.950196881682654038e-01,-1.087495890874306648e+00,1.282774912572601345e+00
4.504154233967515020e-01,5.504154233967510912e-01,8.042420752147892982e-01,-1.007731427533027802e+00,7.958682936079095604e-01,-1.085497214009411460e+00,1.290944189859241753e+00
4.481297995403235035e-01,5.481297995403231482e-01,7.968041927356287468e-01,-1.007051648721630110e+00,7.970663832358343415e-01,-1.096272681326312615e+00,1.285422396768005848e+00
4.523364088938123251e-01,5.523364088938119698e-01,8.075559435686939791e-01,-1.007890419035137874e+00,7.978206414767541332e-01,-1.094201184215308098e+00,1.293502855180486799e+00
4.500862950136767515e-01,5.500862950136763407e-01,8.001373034803100914e-01,-1.007202439185140630e+00,7.990412474126000753e-01,-1.104830233088742730e+00,1.288016247590364260e+00
4.542051822821746021e-01,5.542051822821741913e-01,8.107996896352622773e-01,-1.008044211147577363e+00,7.997045415527003209e-01,-1.102690924865483701e+00,1.296008577336641876e+00
4.519902706285977012e-01,5.519902706285972904e-01,8.034023513504970904e-01,-1.007349081749083552e+00,8.009458375410027919e-01,-1.113175346490876017e+00,1.290558306925601695e+00
4.560237641217220750e-01,5.560237641217217197e-01,8.139738280865205233e-01,-1.008192987111695693e+00,8.015214720004272264e-01,-1.110973017682189701e+00,1.298463181323032956e+00
4.538437390141224492e-01,5.538437390141220940e-01,8.065997890145359950e-01,-1.007491708601053526e+00,8.027817153700369524e-01,-1.121314571634911994e+00,1.293050340707173396e+00
4.577940830643067449e-01,5.577940830643063341e-01,8.170789408335168424e-01,-1.008336919166195722e+00,8.032729155649603880e-01,-1.119053801879779320e+00,1.300868418264553350e+00
4.556486205273006518e-01,5.556486205273002410e-01,8.097301352144008479e-01,-1.007630443213851645e+00,8.045504434112958903e-01,-1.129254218963293921e+00,1.295494040396318214e+00
4.595179795630527364e-01,5.595179795630522701e-01,8.201156718589012184e-01,-1.008476170887346868e+00,8.049603555989933712e-01,-1.126939384519874299e+00,1.303225966854357543e+00
4.574067471379371641e-01,5.574067471379366978e-01,8.127939697286842291e-01,-1.007765402487415862e+00,8.062535811770408234e-01,-1.137000369419642221e+00,1.297891024754531664e+00
4.611972095601929444e-01,5.611972095601924782e-01,8.230847221410354519e-01,-1.008610899088960622e+00,8.065852724623087111e-01,-1.134635650460982914e+00,1.305537435067589458e+00
4.591198662646308604e-01,5.591198662646303941e-01,8.157919284347586730e-01,-1.007896698477138475e+00,8.078926817791564075e-01,-1.144558884201079207e+00,1.300242841852987441e+00
4.628334481306768944e-01,5.628334481306763726e-01,8.259868447005509484e-01,-1.008741255343990728e+00,8.081491402715982320e-01,-1.142148271900642165e+00,1.307804362097326978e+00
4.607896445427577814e-01,5.607896445427572596e-01,8.187246984988021392e-01,-1.008024439767370772e+00,8.094692888675018017e-01,-1.151935414103385069e+00,1.302550971269196500e+00
4.644282930627875450e-01,5.644282930627870787e-01,8.288228397941582726e-01,-1.008867387182860398e+00,8.096534239789655585e-01,-1.149482717511967733e+00,1.310028220465461857e+00
4.624176715086366629e-01,5.624176715086361966e-01,8.215930137164630942e-01,-1.008148732542405890e+00,8.109849338862024082e-01,-1.159135408463510597e+00,1.304816826426580922e+00
4.659832683605181769e-01,5.659832683605177106e-01,8.315935502751992114e-01,-1.008989439017417222e+00,8.110995767576621995e-01,-1.156644261179670119e+00,1.312210418266534395e+00
4.640054631872714275e-01,5.640054631872709612e-01,8.243976500218289649e-01,-1.008269681401256834e+00,8.124411336267198802e-01,-1.166164123706552758e+00,1.307041757037758156e+00
4.674998276555527021e-01,5.674998276555522914e-01,8.342998571358226645e-01,-1.009107552833713228e+00,8.124890376741068510e-01,-1.163637990343176387e+00,1.314352301507522247e+00
4.655544655738496629e-01,5.655544655738492521e-01,8.271394211779408145e-01,-1.008387389957064784e+00,8.138393880570913286e-01,-1.173026631506384643e+00,1.309227051617149806e+00
4.689793575193817454e-01,5.689793575193813346e-01,8.369426752417016280e-01,-1.009221868691606794e+00,8.138232296258914866e-01,-1.170468813956552001e+00,1.316455156511239899e+00
4.670660580015818519e-01,5.670660580015814967e-01,8.298191746583329920e-01,-1.008501961257001645e+00,8.151811784074000089e-01,-1.179727826570778904e+00,1.311373940033004004e+00
4.704231806684124884e-01,5.704231806684121331e-01,8.395229492668075943e-01,-1.009332525064464692e+00,8.151035575262511879e-01,-1.177141470076517704e+00,1.318520212355297927e+00
4.685415563905538372e-01,5.685415563905534819e-01,8.324377877258450908e-01,-1.008613498054013125e+00,8.164679654923511221e-01,-1.186272434063140313e+00,1.313483596073050652e+00
4.718325590569389383e-01,5.718325590569385275e-01,8.420416498328410215e-01,-1.009439659047964843e+00,8.163314067163378596e-01,-1.183660533091051903e+00,1.320548643322507543e+00
4.699822163740587921e-01,5.699822163740584369e-01,8.349961637122320646e-01,-1.008722102957676503e+00,8.177011882527044362e-01,-1.192665016673875034e+00,1.315557140001778924e+00
4.732086968545504146e-01,5.732086968545500039e-01,8.444997698554671528e-01,-1.009543406463156101e+00,8.175081415875380397e-01,-1.190030420601922545e+00,1.322541571342190192e+00
4.713892363003962527e-01,5.713892363003958419e-01,8.374952284997904117e-01,-1.008827878487783547e+00,8.188822624982379228e-01,-1.198909981355065435e+00,1.317595641090739900e+00
4.745527433060146016e-01,5.745527433060141353e-01,8.468983210974169173e-01,-1.009643901875480143e+00,8.186351043970214736e-01,-1.196255399975050038e+00,1.324500068405090270e+00
4.727637601094143993e-01,5.727637601094139885e-01,8.399359272043042113e-01,-1.008930927050991633e+00,8.200125798358649520e-01,-1.205011585732497004e+00,1.319600120106366958e+00
4.758657954728933159e-01,5.758657954728929607e-01,8.492383309267856895e-01,-1.009741278548375032e+00,8.197136142606432641e-01,-1.202339594572923387e+00,1.326425158937476478e+00
4.741068800841568009e-01,5.741068800841564457e-01,8.423192210570217275e-01,-1.009031350857953369e+00,8.210935067674822729e-01,-1.210973944209258413e+00,1.321571551742554140e+00
4.771489008571835888e-01,5.771489008571831780e-01,8.515208392774240576e-01,-1.009835668347342841e+00,8.207449663082787561e-01,-1.208286989683399426e+00,1.328317822122619063e+00
4.754196394788637314e-01,5.754196394788633206e-01,8.446460844820639080e-01,-1.009129251795754412e+00,8.221263839430696940e-01,-1.216801033775136931e+00,1.323510866987689383e+00
4.784030599081178226e-01,5.784030599081173563e-01,8.537468958071406933e-01,-1.009927201607929703e+00,8.217304309875865798e-01,-1.214101438159164159e+00,1.330178994160108097e+00
4.767030350253174675e-01,5.767030350253169457e-01,8.469175023646222655e-01,-1.009224731268184572e+00,8.231125255554818665e-01,-1.222496699535882358e+00,1.325418955417997591e+00
4.796292284139600515e-01,5.796292284139595852e-01,8.559175572484902794e-01,-1.010016006978916803e+00,8.226712535031048823e-01,-1.219786665781940282e+00,1.332009570455503500e+00
4.779580193201142246e-01,5.779580193201138139e-01,8.491344675044543155e-01,-1.009317890014354457e+00,8.240532188642784028e-01,-1.228064659976159101e+00,1.327296667410957642e+00
4.808283197811917264e-01,5.808283197811913157e-01,8.580338849461717210e-01,-1.010102211250149429e+00,8.235686533784603025e-01,-1.225346276365238962e+00,1.333810407734579817e+00
4.791855030959152328e-01,5.791855030959147665e-01,8.512979782485406988e-01,-1.009408827914392459e+00,8.249497238367919927e-01,-1.233508511969657606e+00,1.329144816274204333e+00
4.820012072039323581e-01,5.820012072039318918e-01,8.600969425744857677e-01,-1.010185939172765224e+00,8.244238241303091241e-01,-1.230783756609065360e+00,1.335582326077965343e+00
4.803863573800958853e-01,5.803863573800954745e-01,8.534090362962712950e-01,-1.009497643789413202e+00,8.258032728954719515e-01,-1.238831735549422941e+00,1.330964180286776211e+00
4.831487257267828017e-01,5.831487257267823354e-01,8.621077940278658591e-01,-1.010267313278155665e+00,8.252379330434316262e-01,-1.236102480719555530e+00,1.337326110873305440e+00
4.815614155444914446e-01,5.815614155444910338e-01,8.554686446701779134e-01,-1.009584435201595687e+00,8.266150707613205695e-01,-1.244037698450984886e+00,1.332755504650796174e+00
4.842716742045449219e-01,5.842716742045445111e-01,8.640675014772005724e-01,-1.010346453700744274e+00,8.260121210371699219e-01,-1.241305714806031357e+00,1.339042514683230101e+00
4.827114752501323602e-01,5.827114752501318939e-01,8.574778058449870066e-01,-1.009669298259048942e+00,8.273862943839933592e-01,-1.249129660440378986e+00,1.334519503352728398e+00
4.853708171624580014e-01,5.853708171624575352e-01,8.659771235844659909e-01,-1.010423478008590337e+00,8.267475026141203331e-01,-1.246396621067447530e+00,1.340732259028376561e+00
4.838373002909963638e-01,5.838373002909958975e-01,8.594375200276324067e-01,-1.009752327429136676e+00,8.281180929498375143e-01,-1.254110777438620206e+00,1.336256860934254886e+00
4.864468865607202153e-01,5.864468865607197490e-01,8.678377138680819503e-01,-1.010498501044902131e+00,8.274451658826802447e-01,-1.251378261779667600e+00,1.342396036085540034e+00
4.849396223408835582e-01,5.849396223408830364e-01,8.613487835808107951e-01,-1.009833615363073367e+00,8.288115879598105806e-01,-1.258984105453647029e+00,1.337968234173554372e+00
4.875005834671390925e-01,5.875005834671386262e-01,8.696503192113859138e-01,-1.010571634782758910e+00,8.281061726456927508e-01,-1.256253603094463100e+00,1.344034510301719498e+00
4.860191426075503029e-01,5.860191426075498367e-01,8.632125875826734962e-01,-1.009913252733867450e+00,8.294678733698483963e-01,-1.263752604330221851e+00,1.339654253678390639e+00
4.885325796417854249e-01,5.885325796417849586e-01,8.714159785066558639e-01,-1.010642988194669911e+00,8.287315585480388158e-01,-1.261025518660583211e+00,1.345648319925391023e+00
4.870765333982300382e-01,5.870765333982296275e-01,8.650299165153260139e-01,-1.009991328089075102e+00,8.300880157868355536e-01,-1.268419141327725264e+00,1.341315525392923869e+00
4.895435190375235779e-01,5.895435190375231116e-01,8.731357214272004175e-01,-1.010712667138038867e+00,8.293223332766017641e-01,-1.265696793076704241e+00,1.347238078456808763e+00
4.881124396006323862e-01,5.881124396006319754e-01,8.668017470749205255e-01,-1.010067927719301650e+00,8.306730547138854170e-01,-1.272986494535255142e+00,1.342952632020563142e+00
4.905340192202515270e-01,5.905340192202510607e-01,8.748105673201848065e-01,-1.010780774257134418e+00,8.298794808065518280e-01,-1.270270125185536836e+00,1.348804376019503870e+00
4.891274800834409242e-01,5.891274800834405134e-01,8.685290470962904186e-01,-1.010143135542955983e+00,8.312240028391423285e-01,-1.277457356132922772e+00,1.344566134365500876e+00
4.915046727126287651e-01,5.915046727126284098e-01,8.764415242130231265e-01,-1.010847408901777156e+00,8.304039596884038588e-01,-1.274748131217855907e+00,1.350347780655448693e+00
4.901222490202525317e-01,5.901222490202521209e-01,8.702127745852553664e-01,-1.010217033007408061e+00,8.317418463628071246e-01,-1.281834335507737066e+00,1.346156572595810008e+00
4.924560482649926740e-01,5.924560482649923188e-01,8.780295879263767533e-01,-1.010912667062643155e+00,8.308967033707632677e-01,-1.279133347794713549e+00,1.351868839546570999e+00
4.910973171407895799e-01,5.910973171407892801e-01,8.718538768519513704e-01,-1.010289699006408970e+00,8.322275453575228576e-01,-1.286119962231977443e+00,1.347724467431166584e+00
4.933886920570653700e-01,5.933886920570650148e-01,8.795757412870205405e-01,-1.010976641322819169e+00,8.313586205541044771e-01,-1.283428234795621847e+00,1.353368080165465281e+00
4.920532329131082627e-01,5.920532329131079630e-01,8.734532897387581318e-01,-1.010361209813393168e+00,8.326820341576759432e-01,-1.290316688911502307e+00,1.349270321258380756e+00
4.943031288339516660e-01,5.943031288339513107e-01,8.810809534340795501e-01,-1.011039420825057045e+00,8.317905955713319477e-01,-1.287635178100030808e+00,1.354846011358265656e+00
4.929905236603974727e-01,5.929905236603970620e-01,8.750119369366504696e-01,-1.010431639030111350e+00,8.331062217735537567e-01,-1.294426893910986864e+00,1.350794619177993816e+00
4.951998629798105012e-01,5.951998629798100904e-01,8.825461792123977522e-01,-1.011101091254007933e+00,8.321934887912418866e-01,-1.291756492208987694e+00,1.356303124362703283e+00
4.939096966158313395e-01,5.939096966158309288e-01,8.765307293840481906e-01,-1.010501057549887172e+00,8.335009923266512022e-01,-1.298452883962672333e+00,1.352297829985233069e+00
4.960793795324637268e-01,5.960793795324632605e-01,8.839723586470518146e-01,-1.011161734832604742e+00,8.325681370413541282e-01,-1.295794422753449027e+00,1.357739893764402961e+00
4.948112399188074328e-01,5.948112399188070221e-01,8.780105647425007209e-01,-1.010569533534695141e+00,8.338672055027551711e-01,-1.302396896664796744e+00,1.353780407088613247e+00
4.969421451420766300e-01,5.969421451420762192e-01,8.853604164933022158e-01,-1.011221430331680882e+00,8.329153540468988703e-01,-1.299751148895322395e+00,1.359156778394474463e+00
4.956956235557561374e-01,5.956956235557557822e-01,8.794523269438055957e-01,-1.010637132405179051e+00,8.342056970197360144e-01,-1.306261102875516666e+00,1.355242789369447864e+00
4.977886089769196221e-01,5.977886089769193223e-01,8.867112618565328175e-01,-1.011280253091852765e+00,8.332359308830419309e-01,-1.303628785626944619e+00,1.360554222171421523e+00
4.965633002485742575e-01,5.965633002485739578e-01,8.808568858034185878e-01,-1.010703916842683237e+00,8.345172791072605900e-01,-1.310047609007758185e+00,1.356685401985477046e+00
4.986192035790882882e-01,5.986192035790880439e-01,8.880257878770043689e-01,-1.011338275056665958e+00,8.335306364377025323e-01,-1.307429385974347769e+00,1.361932654890345429e+00
4.974147062935923569e-01,5.974147062935921682e-01,8.822250966952768225e-01,-1.010769946802337671e+00,8.348027409959010159e-01,-1.313758459230109255e+00,1.358108657121750884e+00
4.994343456729319342e-01,5.994343456729317454e-01,8.893048714745086514e-01,-1.011395564815990689e+00,8.338002178825774102e-01,-1.311154943109339444e+00,1.363292492962351110e+00
4.982502623538511699e-01,5.982502623538510367e-01,8.835578002834106881e-01,-1.010835279536238085e+00,8.350628494133567337e-01,-1.317395637578550049e+00,1.359512954691818543e+00
5.002344369288116432e-01,6.002344369288115100e-01,8.905493731482733155e-01,-1.011452187658657964e+00,8.340454011502087539e-01,-1.314807392375110240e+00,1.364634140106982141e+00
4.990703742073251403e-01,5.990703742073250071e-01,8.848558223059720396e-01,-1.010899969625755235e+00,8.352983490857246451e-01,-1.320961069983517699e+00,1.360898682992173425e+00
5.010198646846825143e-01,6.010198646846823811e-01,8.917601368277262575e-01,-1.011508205633342872e+00,8.342668914151544213e-01,-1.318388613229791506e+00,1.365957988000425782e+00
4.998754334535961963e-01,5.998754334535960631e-01,8.861199734075504431e-01,-1.010964069022038059e+00,8.355099632419606959e-01,-1.324456626216536037e+00,1.362266219312802784e+00
5.017910026278720181e-01,6.017910026278718849e-01,8.929379897699712965e-01,-1.011563677616728496e+00,8.344653735775136028e-01,-1.321900431112114083e+00,1.367264416882119304e+00
5.006658181813601338e-01,6.006658181813600006e-01,8.873510490158877939e-01,-1.011027627093790571e+00,8.356983941198634636e-01,-1.327884121760370295e+00,1.363615930506567597e+00
5.025482114393065025e-01,6.025482114393063693e-01,8.940837425000760508e-01,-1.011618659388022756e+00,8.346415127472435191e-01,-1.325344619233067567e+00,1.368553796122295552e+00
5.014418935990140325e-01,6.014418935990138992e-01,8.885498292593316805e-01,-1.011090690681446302e+00,8.358643234720812831e-01,-1.331245319606438438e+00,1.364948173520032171e+00
5.032918394023221387e-01,6.032918394023220054e-01,8.951981887904997270e-01,-1.011673203708935764e+00,8.347959547278688275e-01,-1.328722900297212517e+00,1.369826484752886042e+00
5.022040126304589958e-01,6.022040126304588625e-01,8.897170789215887998e-01,-1.011153304156897859e+00,8.360084130708057559e-01,-1.334541931982970109e+00,1.366263295888229701e+00
5.040222229780796370e-01,6.040222229780795038e-01,8.962821056762212413e-01,-1.011727360408279042e+00,8.349293264983367324e-01,-1.332036948157087952e+00,1.371082831964097304e+00
5.029525164781338820e-01,6.029525164781337487e-01,8.908535474305524504e-01,-1.011215509487983999e+00,8.361313052099588194e-01,-1.337775622017212784e+00,1.367561636195739450e+00
5.047396873495019198e-01,6.047396873495017866e-01,8.973362535023352571e-01,-1.011781176470388566e+00,8.350422366919145745e-01,-1.335288389403938236e+00,1.372323177568856245e+00
5.036877351551869442e-01,6.036877351551868109e-01,8.919599688781828517e-01,-1.011277346306985292e+00,8.362336232038153350e-01,-1.340948005334770210e+00,1.368843524506320408e+00
5.054445469355418608e-01,6.054445469355417275e-01,8.983613760011011085e-01,-1.011834696126632682e+00,8.351352760711511225e-01,-1.338478804897794916e+00,1.373547852437216887e+00
5.044099879885814985e-01,6.044099879885813653e-01,8.930370620686136629e-01,-1.011338851982426235e+00,8.363159718811231658e-01,-1.344060651598988132e+00,1.370109282763235070e+00
5.061371058774922771e-01,6.061371058774921439e-01,8.993582003956179793e-01,-1.011887960949312548e+00,8.352090179980407036e-01,-1.341609731239769454e+00,1.374757178902701105e+00
5.051195840948365934e-01,6.051195840948364602e-01,8.940855305918430362e-01,-1.011400061693531027e+00,8.363789380738998469e-01,-1.347115085993127126e+00,1.371359225162271267e+00
5.068176584989523281e-01,6.068176584989521949e-01,9.003274375274953334e-01,-1.011941009947316727e+00,8.352640188986378833e-01,-1.344682662189240485e+00,1.375951471142445648e+00
5.058168228299991798e-01,6.058168228299990465e-01,8.951060629205460639e-01,-1.011461008506727044e+00,8.364230911001789837e-01,-1.350112790647903127e+00,1.372593658499357883e+00
5.074864897409760989e-01,6.074864897409759656e-01,9.012697820060633358e-01,-1.011993879662944407e+00,8.353008187214648883e-01,-1.347699050028465351e+00,1.377131035532915826e+00
5.065019942153593524e-01,6.065019942153592192e-01,8.960993325277125665e-01,-1.011521723453644661e+00,8.364489832400826552e-01,-1.353055206016830381e+00,1.373812882494563903e+00
5.081438755738398871e-01,6.081438755738397539e-01,9.021859123768364297e-01,-1.012046604269359218e+00,8.353199413891473357e-01,-1.350660306876999561e+00,1.378296170982846292e+00
5.071753793403280808e-01,6.071753793403279476e-01,8.970659980229720443e-01,-1.011582235610101632e+00,8.364571502046732610e-01,-1.355943732201662533e+00,1.375017190094147690e+00
5.087900833867854411e-01,6.087900833867853079e-01,9.030764913071137601e-01,-1.012099215668189167e+00,8.353218952427896582e-01,-1.353567805958166836e+00,1.379447169244970794e+00
5.078372507438134731e-01,6.078372507438133399e-01,8.980067033056194914e-01,-1.011642572175613264e+00,8.364481115971210690e-01,-1.358779730230100569e+00,1.376206867752237439e+00
5.094253723570126846e-01,6.094253723570125514e-01,9.039421657867391380e-01,-1.012151743586832797e+00,8.353071734786764457e-01,-1.356422882819704467e+00,1.380584315208002844e+00
5.084878727753581185e-01,6.084878727753579852e-01,8.989220777324996581e-01,-1.011702758553008508e+00,8.364223713657916726e-01,-1.361564523287813966e+00,1.377382195693609868e+00
5.100499937991302968e-01,6.100499937991301636e-01,9.047835673421985581e-01,-1.012204215675074570e+00,8.352762545769579772e-01,-1.359226836510577519e+00,1.381707887170243065e+00
5.091275019372181188e-01,6.091275019372179855e-01,8.998127362990377964e-01,-1.011762818427777821e+00,8.363804182489222860e-01,-1.364299397906711064e+00,1.378543448158945139e+00
5.106641914961917994e-01,6.106641914961916662e-01,9.056013122623657319e-01,-1.012256657600662413e+00,8.352296027220278418e-01,-1.361980930715857685e+00,1.382818157096098233e+00
5.097563872084998060e-01,6.097563872084996728e-01,9.006792798318333793e-01,-1.011822773846818846e+00,8.363227262106156523e-01,-1.366985605111296298e+00,1.379690893633846338e+00
5.112682020133869631e-01,6.112682020133868299e-01,9.063960018343311109e-01,-1.012309093143535232e+00,8.351676682143656105e-01,-1.364686394851450935e+00,1.383915390856713223e+00
5.103747703524016410e-01,6.103747703524015078e-01,9.015222951913539617e-01,-1.011882645296279248e+00,8.362497548679296289e-01,-1.369624361524840905e+00,1.380824795062818744e+00
5.118622549953900647e-01,6.118622549953899314e-01,9.071682225878757722e-01,-1.012361544288426840e+00,8.350908878736595931e-01,-1.367344425120363027e+00,1.384999848455840343e+00
5.109828862075448397e-01,6.109828862075447065e-01,9.023423554833748250e-01,-1.011942451778240493e+00,8.361619499088919216e-01,-1.372216850437019797e+00,1.381945410049332468e+00
5.124465734483113488e-01,6.124465734483112156e-01,9.079185465472598970e-01,-1.012414031315613805e+00,8.349996854330744567e-01,-1.369956185532106296e+00,1.386071784241992511e+00
5.115809629643185419e-01,6.115809629643184087e-01,9.031400202779178432e-01,-1.012002210886012055e+00,8.360597435013097378e-01,-1.374764222834568894e+00,1.383052991043006275e+00
5.130213740071358774e-01,6.130213740071357442e-01,9.086475314891040433e-01,-1.012466572889601402e+00,8.348944719245616763e-01,-1.372522808886762258e+00,1.387131447107858850e+00
5.121692224271109373e-01,6.121692224271108040e-01,9.039158358345378286e-01,-1.012061938877836909e+00,8.359435546922853177e-01,-1.377267598396447523e+00,1.384147785514878715e+00
5.135868671894897597e-01,6.135868671894896265e-01,9.093557212052422178e-01,-1.012519186145576677e+00,8.347756460551541968e-01,-1.375045397725139118e+00,1.388179080677889976e+00
5.127478802632399191e-01,6.127478802632397858e-01,9.046703353329041963e-01,-1.012121650748845525e+00,8.358137897983785036e-01,-1.379728066454909863e+00,1.385230036121670505e+00
5.141432576365165819e-01,6.141432576365164486e-01,9.100436457695150194e-01,-1.012571886773486307e+00,8.346435945742135543e-01,-1.377525025246387758e+00,1.389214923484903830e+00
5.133171462393545381e-01,6.133171462393544049e-01,9.054040391076980665e-01,-1.012181360301113164e+00,8.356708427863970279e-01,-1.382146686923825030e+00,1.386299980859866388e+00
5.146907443416026684e-01,6.146907443416025352e-01,9.107118218075622718e-01,-1.012624689099620001e+00,8.344986926316262377e-01,-1.379962736194372042e+00,1.390239209136493903e+00
5.138772244460267924e-01,6.138772244460266592e-01,9.061174548869456169e-01,-1.012241080211705446e+00,8.355150956448128552e-01,-1.384524491195516127e+00,1.387357853210397396e+00
5.152295208676468397e-01,6.152295208676467064e-01,9.113607527687512810e-01,-1.012677606165611088e+00,8.343413041269762687e-01,-1.382359547714028025e+00,1.391252166471977025e+00
5.144283135112108774e-01,6.144283135112107441e-01,9.068110780329613485e-01,-1.012300822098616715e+00,8.353469187458374412e-01,-1.386862483007333280e+00,1.388403882274632739e+00
5.157597755535265893e-01,6.157597755535264561e-01,9.119909291994595657e-01,-1.012730649804777672e+00,8.341717820497365210e-01,-1.384716450178877567e+00,1.392254019710556845e+00
5.149706068032073869e-01,6.149706068032072537e-01,9.074853917851647411e-01,-1.012360596584529038e+00,8.351666711982023150e-01,-1.389161639279109961e+00,1.389438292902352101e+00
5.162816917103755232e-01,6.162816917103753900e-01,9.126028290169930779e-01,-1.012783830715757505e+00,8.339904688105470587e-01,-1.387034407990816787e+00,1.393244988591332056e+00
5.155042926237306533e-01,6.155042926237305201e-01,9.081408675040840706e-01,-1.012420413358334104e+00,8.349747011907205918e-01,-1.391422910922610390e+00,1.390461305812305870e+00
5.167954478082478209e-01,6.167954478082476877e-01,9.131969177834945439e-01,-1.012837158533402837e+00,8.337976965636643145e-01,-1.389314360353237410e+00,1.394225288505739124e+00
5.160295543916376682e-01,6.160295543916375349e-01,9.087779649159350992e-01,-1.012480281234381163e+00,8.347713463267106837e-01,-1.393647223624011611e+00,1.391473137705937946e+00
5.173012176537129525e-01,6.173012176537128193e-01,9.137736489792512851e-01,-1.012890641896916799e+00,8.335937875206779202e-01,-1.391557222018495299e+00,1.395195130622967294e+00
5.165465708178503812e-01,6.165465708178502480e-01,9.093971323572043186e-01,-1.012540208209428583e+00,8.345569339493909000e-01,-1.395835478600429669e+00,1.392474001374788717e+00
5.177991705588920190e-01,6.177991705588918858e-01,9.143334642748756069e-01,-1.012944288515230662e+00,8.333790542556097636e-01,-1.393763884010686516e+00,1.396154722008848381e+00
5.170555160719644272e-01,6.170555160719642940e-01,9.099988070187350342e-01,-1.012600201517284360e+00,8.343317814583567360e-01,-1.397988553331442896e+00,1.393464105802066255e+00
5.182894715024115584e-01,6.182894715024114252e-01,9.148767938018755874e-01,-1.012998105229631962e+00,8.331538000015176193e-01,-1.395935214324660167e+00,1.397104265738688511e+00
5.175565599410095752e-01,6.175565599410094419e-01,9.105834151888511085e-01,-1.012660267681143589e+00,8.340961966172709685e-01,-1.400107302266534459e+00,1.394443656258831599e+00
5.187722812827305630e-01,6.187722812827304297e-01,9.154040564211910480e-01,-1.013052098073665030e+00,8.329183189387382447e-01,-1.398072058602137790e+00,1.398043961004470592e+00
5.180498679808006601e-01,6.180498679808005269e-01,9.111513724951028070e-01,-1.012720412563632211e+00,8.338504778529026717e-01,-1.402192557509325477e+00,1.395412854395210012e+00
5.192477566642601516e-01,6.192477566642600184e-01,9.159156599893093498e-01,-1.013106272330337232e+00,8.326728964749104955e-01,-1.400175240785786590e+00,1.398974003216827411e+00
5.185356016602885587e-01,6.185356016602884255e-01,9.117030841442644862e-01,-1.012780641414579907e+00,8.335949145456615916e-01,-1.404245129479442689e+00,1.396371898327007255e+00
5.197160505166775746e-01,6.197160505166774414e-01,9.164120016216188436e-01,-1.013160632586668664e+00,8.324178095169291192e-01,-1.402245563752047453e+00,1.399894584102149953e+00
5.190139184993004529e-01,6.190139184993003196e-01,9.122389451602468391e-01,-1.012840958916551237e+00,8.333297873117812005e-01,-1.406265807552820712e+00,1.397320982718079252e+00
5.201773119478086960e-01,6.201773119478085627e-01,9.168934679526992149e-01,-1.013215182785637047e+00,8.321533267349836560e-01,-1.404283809923484005e+00,1.400805891795176450e+00
5.194849722000267622e-01,6.194849722000266290e-01,9.127593406196253811e-01,-1.012901369228176307e+00,8.330553682773086388e-01,-1.408255360681212265e+00,1.398260298858780004e+00
5.206316864304301184e-01,6.206316864304299852e-01,9.173604353932796052e-01,-1.013269926275570221e+00,8.318797088188425448e-01,-1.406290741861394133e+00,1.401708110927375017e+00
5.199489127726026894e-01,6.199489127726025561e-01,9.132646458845229409e-01,-1.012961876025319619e+00,8.327719213440670787e-01,-1.410214537991644423e+00,1.399190034740781297e+00
5.210793159233245708e-01,6.210793159233244376e-01,9.178132703836316963e-01,-1.013324865857047730e+00,8.315972087265458557e-01,-1.408267102839383611e+00,1.402601422711409862e+00
5.204058866550995699e-01,6.204058866550994367e-01,9.137552268326083471e-01,-1.013022482540140379e+00,8.324797024477557095e-01,-1.412144069366526811e+00,1.400110375128536866e+00
5.215203389869004225e-01,6.215203389869002892e-01,9.182523296431941429e-01,-1.013380003827374143e+00,8.313060719256728515e-01,-1.410213617398578645e+00,1.403486005021961747e+00
5.208560368282312281e-01,6.208560368282310948e-01,9.142314400840068078e-01,-1.013083191598093347e+00,8.321789598083615402e-01,-1.414044666005097595e+00,1.401021501627642607e+00
5.219548908936695319e-01,6.219548908936693987e-01,9.186779604162529367e-01,-1.013435342022694252e+00,8.310065366273536869e-01,-1.412130991885125475e+00,1.404362032473149835e+00
5.212995029250568901e-01,6.212995029250567569e-01,9.146936332249416823e-01,-1.013144005652931057e+00,8.318699341730519947e-01,-1.415917020966853679e+00,1.401923592750319303e+00
5.223831037338596550e-01,6.223831037338595218e-01,9.190905007135266036e-01,-1.013490881857822989e+00,8.306988340131948867e-01,-1.414019914970596536e+00,1.405229676492786073e+00
5.217364213359496627e-01,6.217364213359495295e-01,9.151421450279526582e-01,-1.013204926819762930e+00,8.315528590517270446e-01,-1.417761809697597020e+00,1.402816823978235039e+00
5.228051065164212030e-01,6.228051065164210698e-01,9.194902795495314418e-01,-1.013546624363857784e+00,8.303831884552898002e-01,-1.415881058155900485e+00,1.406089105393671268e+00
5.221669253090787111e-01,6.221669253090785778e-01,9.155773056685559963e-01,-1.013265956906237220e+00,8.312279609454029661e-01,-1.419579690538697481e+00,1.403701367822853818e+00
5.232210252656717131e-01,6.232210252656715799e-01,9.198776171756216646e-01,-1.013602570223657739e+00,8.300598177294832292e-01,-1.417715076259267848e+00,1.406940484442131156e+00
5.225911450466433905e-01,6.225911450466432573e-01,9.159994369382332691e-01,-1.013327097441906410e+00,8.308954595676041333e-01,-1.421371305220153092e+00,1.404577393883496006e+00
5.236309831138119542e-01,6.236309831138118209e-01,9.202528253086195154e-01,-1.013658719805258013e+00,8.297289332220633140e-01,-1.419522607888860977e+00,1.407783975923972308e+00
5.230092077970818210e-01,6.230092077970816877e-01,9.164088524536532221e-01,-1.013388349705842462e+00,8.305555680589398193e-01,-1.423137279338003713e+00,1.405445068903266925e+00
5.240351003895277193e-01,6.240351003895275861e-01,9.206162073549679636e-01,-1.013715073193300009e+00,8.293907401300485427e-01,-1.421304275900536762e+00,1.408619739208023525e+00
5.234212379434614038e-01,6.234212379434612705e-01,9.168058578620520427e-01,-1.013449714752566955e+00,8.302084931950377555e-01,-1.424878222816634565e+00,1.406304556823009033e+00
5.244334947028813643e-01,6.244334947028812310e-01,9.209680586303564676e-01,-1.013771630218556430e+00,8.290454376552396365e-01,-1.423060687841271488e+00,1.409447930807419036e+00
5.238273570882497898e-01,6.238273570882496566e-01,9.171907510427051990e-01,-1.013511193436362312e+00,8.298544355880114187e-01,-1.426594730356486762e+00,1.407156018833410904e+00
5.248262810266883793e-01,6.248262810266882461e-01,9.213086665747854953e-01,-1.013828390485624453e+00,8.286932191922024016e-01,-1.424792436378731431e+00,1.410268704438763177e+00
5.242276841346514837e-01,6.242276841346513505e-01,9.175638223044479957e-01,-1.013572786434029815e+00,8.294935898816296893e-01,-1.428287381867668016e+00,1.407999613425401142e+00
5.252135717745574084e-01,6.252135717745572752e-01,9.216383109630446047e-01,-1.013885353398866540e+00,8.283342725103476356e-01,-1.426500099717464165e+00,1.411082211079309312e+00
5.246223353646845000e-01,6.246223353646843668e-01,9.179253545792075419e-01,-1.013634494266161035e+00,8.291261449403615202e-01,-1.429956742889945120e+00,1.408835496438943125e+00
5.255954768757660212e-01,6.255954768757658879e-01,9.219572641105984179e-01,-1.013942518186674357e+00,8.279687799302712925e-01,-1.428184242002158877e+00,1.411888599022273816e+00
5.250114245141628277e-01,6.250114245141626945e-01,9.182756236115221515e-01,-1.013696317316985285e+00,8.287522840324641482e-01,-1.431603364999576744e+00,1.409663821110333837e+00
5.259721038471342203e-01,6.259721038471340870e-01,9.222657910748796040e-01,-1.013999883924129319e+00,8.275969184945161095e-01,-1.429845413708411339e+00,1.412688013930397224e+00
5.253950628447382476e-01,6.253950628447381144e-01,9.186148981440408479e-01,-1.013758255852861057e+00,8.283721850072783832e-01,-1.433227786203429277e+00,1.410484738118107595e+00
5.263435578620433430e-01,6.263435578620432098e-01,9.225641498520036343e-01,-1.014057449554134793e+00,8.272188601329105717e-01,-1.431484152021412770e+00,1.413480598887855821e+00
5.257733592131488276e-01,6.257733592131486944e-01,9.189434400989946461e-01,-1.013820310039470263e+00,8.279860204668963997e-01,-1.434830531320805624e+00,1.411298395627628377e+00
5.267099418167500158e-01,6.267099418167498825e-01,9.228525915689217429e-01,-1.014115213907090807e+00,8.268347718226458642e-01,-1.433100981202966917e+00,1.414266494450618250e+00
5.261464201378135419e-01,6.261464201378134087e-01,9.192615047556514929e-01,-1.013882479957781246e+00,8.275939579323641215e-01,-1.436412112353396164e+00,1.412104939334458020e+00
5.270713563941246127e-01,6.270713563941244795e-01,9.231313606710462860e-01,-1.014173175719182307e+00,8.264448157432388031e-01,-1.434696412947220390e+00,1.415045838695336400e+00
5.265143498629002439e-01,6.265143498629001106e-01,9.195693409237657434e-01,-1.013944765618838062e+00,8.271961600045719676e-01,-1.437973028843749335e+00,1.412904512506569787e+00
5.274279001249435606e-01,6.274279001249434273e-01,9.234006951053805867e-01,-1.014231333649349365e+00,8.260491494265334023e-01,-1.436270946725486608e+00,1.415818767266852074e+00
5.268772504199913387e-01,6.268772504199912055e-01,9.198671911130479328e-01,-1.014007166977437535e+00,8.267927845199930514e-01,-1.439513768222645984e+00,1.413697256025479021e+00
5.277796694468563921e-01,6.277796694468562588e-01,9.236608264991987838e-01,-1.014289686295006154e+00,8.256479259018879580e-01,-1.437825070120518189e+00,1.416585413424392925e+00
5.272352216874635067e-01,6.272352216874633735e-01,9.201552916986780462e-01,-1.014069683944749833e+00,8.263839847014194939e-01,-1.441034806145744751e+00,1.414483308426352171e+00
5.281267587611393477e-01,6.281267587611392145e-01,9.239119803343216475e-01,-1.014348232206572886e+00,8.252412938366909811e-01,-1.439359259150580828e+00,1.417345908086530493e+00
5.275883614476908345e-01,6.275883614476907013e-01,9.204338730829022541e-01,-1.014132316399938283e+00,8.259699093038455064e-01,-1.442536606819854850e+00,1.415262805937151258e+00
5.284692604873442168e-01,6.284692604873440835e-01,9.241543761170445404e-01,-1.014406969900884414e+00,8.248293976723468646e-01,-1.440873978583661508e+00,1.418100379874960737e+00
5.279367654421732725e-01,6.279367654421731393e-01,9.207031598527483096e-01,-1.014195064200834606e+00,8.255507027556416855e-01,-1.444019623319179102e+00,1.416035882516867739e+00
5.288072651159416715e-01,6.288072651159415383e-01,9.243882275437732554e-01,-1.014465897873534805e+00,8.244123777558690636e-01,-1.442369682242136131e+00,1.418848955157169023e+00
5.282805274246894500e-01,6.282805274246893168e-01,9.209633709339052343e-01,-1.014257927193719988e+00,8.251265052951667345e-01,-1.445484297891861170e+00,1.416802669892892608e+00
5.291408612590565719e-01,6.291408612590564386e-01,9.246137426624314593e-01,-1.014525014610217823e+00,8.239903704672156826e-01,-1.443846813298208298e+00,1.419591758088034616e+00
5.286197392125662198e-01,6.286197392125660866e-01,9.212147197408147026e-01,-1.014320905222262370e+00,8.246974531029519495e-01,-1.446931062257151401e+00,1.417563297597568051e+00
5.294701356993827268e-01,6.294701356993825936e-01,9.248311240297023561e-01,-1.014584318597118395e+00,8.235635083424980296e-01,-1.445305804560422347e+00,1.420328910650424437e+00
5.289544907361504178e-01,6.289544907361502846e-01,9.214574143230291892e-01,-1.014383998135658826e+00,8.242636784295946928e-01,-1.448360337893502603e+00,1.418317893003961494e+00
5.297951734373648192e-01,6.297951734373646859e-01,9.250405688641754054e-01,-1.014643808330409680e+00,8.231319201931892593e-01,-1.446747078751537963e+00,1.421060532694822909e+00
5.292848700865673273e-01,6.292848700865671940e-01,9.216916575078843987e-01,-1.014447205796032314e+00,8.238253097194964125e-01,-1.449772536317894600e+00,1.419066581360897583e+00
5.301160577367269866e-01,6.301160577367268534e-01,9.252422691954651501e-01,-1.014703482324909034e+00,8.226957312214612239e-01,-1.448171048778053471e+00,1.421786741978043223e+00
5.296109635618430067e-01,6.296109635618428735e-01,9.219176470395518130e-01,-1.014510528085122543e+00,8.233824717305717744e-01,-1.451168059356670925e+00,1.419809485827284723e+00
5.304328701684231095e-01,6.304328701684229763e-01,9.254364120093797608e-01,-1.014763339121939723e+00,8.222550631317662173e-01,-1.449578117991641157e+00,1.422507654201059735e+00
5.299328557114629801e-01,6.299328557114628468e-01,9.221355757145250909e-01,-1.014573964910318704e+00,8.229352856500548041e-01,-1.452547299408168735e+00,1.420546727505767270e+00
5.307456906530828578e-01,6.307456906530827245e-01,9.256231793892066850e-01,-1.014823377296450113e+00,8.218100342387866242e-01,-1.450968680442763947e+00,1.423223383045998380e+00
5.302506293794398973e-01,6.302506293794397640e-01,9.223456315136061567e-01,-1.014637516210073143e+00,8.224838692065262746e-01,-1.453910639697405305e+00,1.421278425475729801e+00
5.310545975020195542e-01,6.310545975020194209e-01,9.258027486531952288e-01,-1.014883595463432986e+00,8.213607595718652732e-01,-1.452343121126721259e+00,1.423934040212319285e+00
5.305643657459532259e-01,6.305643657459530926e-01,9.225479977304522627e-01,-1.014701181958735487e+00,8.220283367782806883e-01,-1.455258454523083111e+00,1.422004696825684311e+00
5.313596674568648037e-01,6.313596674568646705e-01,9.259752924883128955e-01,-1.014943992283689589e+00,8.209073509760282938e-01,-1.453701816222370269e+00,1.424639735452225997e+00
5.308741443676253668e-01,6.308741443676252336e-01,9.227428530967505260e-01,-1.014764962170846108e+00,8.215687994981486497e-01,-1.456591109497160641e+00,1.422725656685062567e+00
5.316609757278918380e-01,6.316609757278917048e-01,9.261409790803478703e-01,-1.015004566468982627e+00,8.204499172097116100e-01,-1.455045133323759954e+00,1.425340576605330201e+00
5.311800432164940355e-01,6.311800432164939023e-01,9.229303719040826692e-01,-1.014828856904922638e+00,8.211053653548895381e-01,-1.457908961777231172e+00,1.423441418255434687e+00
5.319585960310840855e-01,6.319585960310839523e-01,9.262999722404420266e-01,-1.015065316786611271e+00,8.199885640392946540e-01,-1.456373431664901075e+00,1.426036669632598342e+00
